 R1:[1918, 1966, 1974, 1987, 2002]
 6: [1904, 1918, 1972, 1987, 2002]

 R2:[1901, 1907, 1928, 1932, 1941, 1951, 1965, 1972, 1979, 1992, 2004, 2009]
 7: [1902, 1920, 1965, 1966, 1974, 1979, 1984, 1985, 2004, 2009]

 R3:[1904, 1905, 1911, 1913, 1920, 1929, 1939, 1952, 1968, 1982, 1985, 1986, 1999]
 3: [1901, 1911, 1915, 1939, 1948, 1951, 1968, 1969, 1982, 1986, 1999]

 R4:[1902, 1971, 1984, 1989, 1991, 1993, 1995, 1997, 1998]
 2: [1905, 1906, 1935, 1941, 1952, 1962, 2001, 2008]

 R5:[1909, 1919, 1921, 1922, 1925, 1930, 1934, 1936, 1937, 1943, 1948, 1953, 1955, 1960, 1969, 1980, 2001, 2003, 2008]
 8: [1922, 1925, 1936, 1953, 1971, 1980]

 R6:[1908, 1926, 1927, 1944, 1945, 1950, 1954, 1970, 1973, 1976, 1977, 1990, 2010]
 9: [1908, 1909, 1926, 1933, 1944, 1945, 1956, 1973, 1976, 1977, 2003, 2006, 2010]

 R7:[1903, 1906, 1912, 1915, 1935, 1940, 1957, 1962, 1963, 1967, 1996, 2000]
 5: [1903, 1910, 1924, 1938, 1947, 1964, 1981, 1991, 1996, 1998, 2000, 2007]

 R8:[1914, 1923, 1931, 1933, 1946, 1958, 1959, 1961, 1994, 2005, 2006]
 1: [1916, 1917, 1959, 1961, 1970, 1975, 1983, 1988, 1994]

 R9:[1910, 1916, 1917, 1924, 1938, 1942, 1947, 1949, 1956, 1964, 1975, 1978, 1981, 1983, 1988, 1994]
 4: [1907, 1912, 1913, 1914, 1919, 1921, 1923, 1927, 1928, 1929, 1930, 1931, 1932, 1934, 1937, 1940, 1942, 1943,
     1946, 1949, 1950, 1954, 1955, 1957, 1958, 1960, 1963, 1967, 1978, 1989, 1990, 1992, 1993, 1995, 1997, 2005]
